`.RNG.name` <- "base::Wichmann-Hill"
`.RNG.state` <- 
c(29105L,13836L,11551L)
`BB` <- 
structure(c(-5.12155,-4.45308,-3.8589,-3.63607,-4.30454,-5.19582,-7.27548,-8.46386,-5.79001,-4.00744,-3.11616,-2.52197,-2.07633,-1.63069,-1.25932,-0.665132,-0.293764,-0.0709431,0.226151,0.448972,0.671793,0.746066,0.82034,0.660622,0.121733,1.10839,1.13856,1.11674,1.69076,2.19296,0.709191,1.54788,0.833344,0.356051,0.989629,0.718805,2.52014,0.955354,1.1223,1.35157,0.99412,1.96895,1.50364,3.35747,1.21332,2.24862,2.682,2.08778,1.69962,1.51605,3.40747,-0.289702,2.81582,1.0751,0.354915,1.91297,2.13297,0.984268,0.713878,-1.61523,0.101909,-0.362435,0.571768,1.45765,2.21525,0.710509,0.866018,2.51738,2.03887,0.673907,0.906798,2.34008,1.84808,2.55493,3.24033,2.46918,2.97922,1.37154,1.69186,2.63575,2.72901,1.43744,1.05808,0.131041,-0.932886,0.720948,-0.437596,1.42147,1.05334,1.8589,1.78637,2.90589,0.734044,1.06179,1.09216,0.894811,2.06947,0.329146,1.73545,-0.0427942,2.46355,1.01075,0.89821,-0.73195,0.447758,0.791262,-0.144818,1.49237,0.630476,1.39464,1.67865,0.520865,1.51074,1.28263,1.98369,1.31063,1.72934,0.769789,1.83736,2.25627,1.31646,1.82231,-1.60148,-1.04332,0.15991,-1.70581,-0.0615568,-0.605709,-0.136369,-0.249201,1.14098,0.290531,0.123718,0.520131,0.570709,1.59777,0.644306,0.62784,1.19899,0.905603,1.86133,1.04189,1.2987,2.16969,0.545452,1.15244,1.15574,2.57257,2.42553,1.02945,1.10325,0.36171,0.281299,1.47219,0.835429,1.39384,0.508172,1.6424,0.864821,1.12388,3.17486,2.0676,2.12365,-0.515484,0.649091,0.398603,1.18295,1.11316,0.129567,0.20794,0.51511,1.26693,2.22141,1.21926,2.90529,0.0425224,2.79772,1.85961,2.65167,1.44327,-0.802189,1.30166,1.56868,-6.31637,-6.93791,-5.31763,-4.79973,-3.68214,-1.60888,-1.99072,0.92698,-1.40693,-0.76983,0.632444,1.02561,0.0196609,1.29896,-0.653335,-0.247588,0.844132,0.982349,0.886513,0.491252,-0.658459,-0.0992321,-2.05781,-1.33363,-1.29098,-0.0962997,-0.7816,-0.435708,-2.23664,-0.434052,-0.658521,-0.134108,-0.568117,-1.16109,0.401736,1.49123,-1.00898,0.309437,2.30466,0.986386,-0.623756,2.38452,0.591887,0.388072,0.938083,0.784544,1.33392,0.457031,-0.960826,0.685185,0.393548,0.815854,2.01249,2.23343,0.630056,1.44401,1.48514,1.33107,2.3068,0.307002,-0.379576,0.272648,0.498272,0.889948,1.98084,2.20658,1.0699,2.23055,1.96573,3.72204,1.13591,1.51504,0.201412,0.884961,2.13688,0.877458,2.03266,-0.109862,-0.544021,1.97624,-0.0104983,0.113952,0.971312,2.59289,1.20894,2.62451,1.64638,1.08498,0.97633,3.1047,2.44756,2.48836,3.67173,2.33742,-0.538627,1.70066,3.20074,1.38682,1.56852,0.406433,3.63409,3.27627,0.329711,0.262457,3.31659,1.31294,0.737801,1.80541,0.199832,1.61976,1.71692,1.27781,0.444442,0.497179,2.44271,1.18215,0.934307,2.91485,2.52298,1.74208,1.80852,2.71626,1.9298,0.933966,1.11355,0.522398,-0.767864,0.0250379,0.542862,0.894385,0.18918,0.827622,-0.335529,1.19552,0.528038,2.7518,2.46808,2.52902,0.836324,1.53368,1.70524,1.76617,1.85787,0.82487,1.72011,1.50468,2.30446,0.539394,1.74562,0.779786,0.905687,1.31891,2.38674,-0.749446,0.990058,-0.19195,0.414496,1.56168,0.54602,0.0784296,0.718812,-2.02352,0.920638,1.47464,0.943788,0.810329,-0.366929,0.540197,0.482629,2.22557,-1.75591,-0.783583,1.29294,1.10796,-2.16516,-2.54316,0.113468,-0.321306,-1.2656,0.017376,0.0870963,-1.16614,-0.72274,-0.385529,-1.68046,-0.490359,-0.526864,-6.67853,-4.90197,-3.37104,-2.96127,-3.88663,-3.75762,-1.76048,-1.58879,-0.256656,-0.766508,-0.401181,1.52252,-0.0910678,1.53586,0.146618,1.01961,1.38687,1.52205,0.805572,2.16465,-1.03785,-0.819548,0.23272,0.0709151,-0.552161,1.37633,0.792181,0.555769,-0.366732,1.97895,1.04884,0.550494,0.730124,1.39399,1.54498,1.88406,1.0169,0.494507,-0.262483,1.66317,0.826735,1.32992,0.472474,0.998688,0.53665,2.19716,1.916,1.31421,3.71296,1.52356,2.83097,0.756694,0.243514,1.33608,2.25151,0.598445,0.501701,0.575109,1.1599,-0.353764,-0.738459,0.694992,1.47866,2.39028,0.658075,0.71656,2.45569,1.94595,-0.50544,1.59401,0.933446,2.47448,2.47463,1.26737,2.24651,1.01819,1.93328,1.18824,1.90378,1.38353,2.28694,1.59951,2.30783,1.79867,1.46181,0.0824465,1.18825,0.960266,0.0981047,2.48502,1.14084,2.17403,2.06582,2.62118,1.13567,3.38491,3.6873,2.19727,2.73368,1.317,1.88483,1.84705,0.793436,1.87023,1.79335,1.68531,1.91782,0.0703349,2.50388,2.87039,2.31516,1.35325,2.22764,2.64292,0.345782,2.69673,2.73098,1.37611,-7.18752,-7.0606,-7.16127,-6.19566,-3.38227,-4.15218,-2.20095,-1.55414,-0.147346,-2.29219,-0.765552,-0.442335,0.171134,0.600264,-1.54728,0.844933,0.0549081,0.994319,0.97919,0.835657,-1.01025,-1.993,0.0272196,1.05815,0.55,0.777997,1.64143,2.08884,1.66667,1.63344,1.61836,-0.118978,1.63223,1.45155,1.43129,2.92939,1.74658,0.722206,-0.0244463,1.75697,2.47507,3.2201,2.25961,1.47173,3.43808,2.92395,2.96512,1.64915,1.79618,1.18286,2.72565,0.417548,2.0107,0.841614,3.39846,2.1823,2.6667,1.4174,3.30736,2.37395,2.21776), .Dim = c(61L,9L))
`LNtot` <- 
c(9.8258,10.4063,9.94611,9.45052,9.82213,9.401,9.55528,10.2079,10.1802)
`Nobs` <- 
structure(c(19715,19715,19715,19715,19715,19715,19715,19715,19715,19715,19715,19715,19715,19715,19715,19715,19715,19715,19715,19715,19715,19715,19715,NA,NA,NA,NA,NA,NA,NA,NA,NA,NA,NA,NA,NA,NA,NA,NA,NA,NA,NA,NA,NA,NA,NA,NA,NA,NA,NA,NA,NA,NA,NA,NA,NA,NA,NA,NA,NA,NA,NA,NA,NA,NA,NA,NA,NA,NA,NA,NA,NA,NA,NA,NA,NA,NA,NA,NA,NA,NA,NA,NA,NA,NA,NA,NA,NA,NA,NA,NA,NA,NA,NA,NA,NA,NA,NA,NA,NA,NA,NA,NA,NA,NA,NA,NA,NA,NA,NA,NA,NA,NA,NA,NA,NA,NA,NA,NA,NA,NA,NA,NA,NA,NA,NA,NA,NA,NA,NA,NA,NA,NA,NA,NA,NA,NA,NA,NA,NA,NA,NA,NA,NA,NA,NA,NA,NA,NA,NA,NA,NA,NA,NA,NA,NA,NA,NA,NA,NA,NA,NA,NA,NA,NA,NA,NA,NA,NA,NA,NA,NA,NA,NA,NA,NA,NA,NA,NA,NA,NA,NA,NA,NA,NA,NA,NA,NA,NA,NA,NA,NA,NA,NA,NA,NA,NA,NA,NA,NA,NA,NA,NA,NA,NA,NA,NA,NA,NA,NA,NA,NA,NA,NA,NA,NA,NA,NA,NA,NA,NA,NA,NA,NA,NA,NA,NA,NA,NA,NA,NA,NA,NA,NA,NA,NA,NA,NA,NA,NA,NA,NA,NA,NA,NA,NA,NA,NA,NA,NA,NA,NA,NA,NA,NA,NA,NA,NA,NA,NA,NA,NA,NA,NA,NA,NA,NA,NA,NA,NA,NA,NA,NA,NA,NA,NA,NA,NA,NA,NA,NA,NA,NA,NA,NA,NA,NA,NA,NA,NA,NA,NA,NA,NA,NA,NA,NA,NA,NA,NA,NA,NA,NA,NA,NA,NA,NA,NA,NA,NA,NA,NA,NA,NA,NA,NA,NA,NA,NA,NA,NA,NA,NA,NA,NA,NA,NA,NA,NA,NA,NA,NA,NA,NA,NA,NA,NA,NA,NA,NA,NA,NA,NA,NA,NA,NA,NA,NA,NA,NA,NA,NA,NA,NA,NA,NA,NA,NA,NA,NA,NA,NA,NA,NA,NA,NA,NA,NA,NA,NA,NA,NA,NA,NA,NA,NA,NA,NA,NA,NA,NA,NA,NA,NA,NA,NA,NA,NA,NA,NA,NA,NA,NA,NA,NA,NA,NA,NA,NA,NA,NA,NA,NA,NA,NA,NA,NA,NA,NA,NA,NA,NA,NA,NA,NA,NA,NA,NA,NA,NA,NA,NA,NA,NA,NA,NA,NA,NA,NA,NA,NA,NA,NA,NA,NA,NA,NA,NA,NA,NA,NA,NA,NA,NA,NA,NA,NA,NA,NA,NA,NA,NA,NA,NA,NA,NA,NA,NA,NA,NA,NA,NA,NA,NA,NA,NA,NA,NA,NA,NA,NA,NA,NA,NA,NA,NA,NA,NA,NA,NA,NA,NA,NA,NA,NA,NA,NA,NA,NA,NA,NA,NA,NA,NA,NA,NA,NA,NA,NA,NA,NA,NA,NA,NA,NA,NA,NA,NA,NA,NA,NA,NA,NA,NA,NA,NA,NA,NA,NA,NA,NA,NA,NA,NA,NA,NA,NA,NA,NA,NA,NA,NA,NA,NA,NA,NA,NA,NA,NA,NA,NA,NA,NA,NA,NA,NA,NA,NA,NA), .Dim = c(61L,9L))
