`.RNG.name` <- "base::Marsaglia-Multicarry"
`.RNG.state` <- 
c(1369911749L,394640060L)
`BB` <- 
structure(c(-5.12155,-4.45308,-3.8589,-3.63607,-4.30454,-5.19582,-7.27548,-8.46386,-5.79001,-4.00744,-3.11616,-2.52197,-2.07633,-1.63069,-1.25932,-0.665132,-0.293764,-0.0709431,0.226151,0.448972,0.671793,0.746066,0.82034,1.33877,-0.20116,0.822895,-0.858339,0.917975,0.842997,0.905837,0.972651,1.2979,1.01887,1.11916,1.93352,1.05073,1.31911,1.49917,1.93569,2.40962,1.7103,1.94321,0.943511,2.21309,1.81982,1.87801,0.959364,2.18466,1.95232,2.6775,0.714167,1.57078,1.80415,1.0921,0.192098,-0.0163794,0.655536,1.54115,1.59157,-1.08629,-0.931736,0.876147,0.983031,2.12691,1.27169,1.66215,0.835957,2.3184,0.57544,1.66555,0.68503,1.78677,-0.138885,3.0607,3.3986,1.37622,2.2963,2.197,1.87609,2.89938,2.13544,0.447068,1.64107,1.61783,0.59525,0.683352,0.222791,1.4962,1.78244,0.240163,3.33871,0.65159,0.717554,1.952,2.51999,-0.0266196,0.256529,0.132472,1.06226,0.573586,0.73501,-0.189147,1.28373,1.67759,1.23149,0.0492423,-0.551234,1.20485,1.89306,0.971655,1.66228,0.483782,1.5271,1.37385,1.38306,0.310464,0.607017,1.43412,1.23057,1.86246,3.47255,1.42327,-2.4004,-0.431836,0.742653,-0.495334,-1.37407,-0.723217,-0.526866,1.4581,1.65812,0.992131,-0.184518,0.0854771,0.919217,1.68258,0.494022,1.23972,1.43959,-0.847442,0.909147,-0.637106,0.181657,1.40484,0.547606,0.297819,1.25789,1.21192,1.03798,0.476289,-0.802803,-0.199428,0.440194,0.232948,0.0226508,-0.381907,0.032694,-0.148937,1.34894,0.882512,1.70167,1.64873,1.04491,2.45171,1.85415,-0.429292,1.22587,0.624136,0.677092,-0.24381,0.63421,0.0511008,0.538394,0.823689,1.77666,1.62901,0.972655,2.12279,1.47332,0.352627,0.577616,-1.57703,0.997471,-5.814,-6.54348,-4.99909,-5.36614,-3.20349,-3.61056,-1.0598,-0.933263,-0.83687,-1.13867,0.0647611,0.120419,1.48258,-0.147571,-1.45319,-0.0774282,-0.371402,1.26406,-0.0546353,-0.295059,-1.43877,-1.61689,-2.07949,-1.36665,-0.792772,-0.488631,-2.22506,-3.0864,-1.46695,-0.0148145,-1.88141,-0.841502,-1.24054,0.278985,-0.519556,1.21839,0.0480459,0.588685,0.870404,0.497283,-0.119154,1.37595,1.37751,-0.158839,0.0856702,0.0127111,1.12301,-0.0628599,0.770063,-0.118428,1.55976,1.0272,0.957779,0.371633,1.64676,-0.407888,1.23198,-0.0351222,1.42742,0.548269,2.21602,1.71251,-0.823779,1.09424,2.24336,0.612252,1.13669,2.32362,1.34039,0.964568,0.877641,1.18501,1.4072,0.848489,0.654099,0.935285,0.423163,-0.435619,3.69819e-005,0.79812,0.407432,2.35505,1.22751,0.553817,0.913588,1.50269,1.43776,2.73283,2.28539,1.74632,1.57931,2.19479,1.93061,2.9153,2.47794,1.47376,2.5821,1.66328,1.88464,2.90506,1.79217,0.344135,2.12268,1.48979,1.72488,1.70334,3.07416,2.16571,0.747829,1.76785,1.93116,1.5779,0.23177,0.535152,1.5735,2.17595,2.52431,1.26612,1.5303,3.44412,1.3626,2.14439,-0.448741,-0.404964,-0.68134,0.00124182,-0.485751,0.770946,-0.673644,0.282787,1.2331,1.03518,-0.983523,0.507098,1.56582,0.925921,2.50145,1.03082,0.404651,2.29784,2.18123,1.54624,1.3903,2.15657,1.0426,1.64784,2.0835,0.750339,1.78857,0.755699,0.907444,0.863178,2.24032,0.861823,-1.41902,0.932122,-0.0442953,0.727019,-0.224457,0.0868396,-0.493418,0.468149,0.0390256,0.684232,-0.487883,0.021112,1.26044,0.831082,0.319049,-1.0836,0.00305277,-1.48668,-1.45921,-0.89549,-1.77973,-2.58815,-0.743647,-0.62635,-0.0811495,0.429494,-1.73795,-0.421253,0.476284,-2.20296,-3.39424,-3.01557,0.624675,-7.02132,-5.51088,-4.59959,-3.54924,-2.6506,-1.78186,-2.08927,-1.75638,-0.894099,-1.39,-0.635174,-0.0150049,0.602611,1.80257,0.505183,0.743501,0.605233,0.751809,-0.449419,-0.0181037,0.30881,-0.196818,-0.114911,1.02809,0.531928,0.660704,0.931018,0.480112,1.17115,0.681322,0.881463,1.12503,0.92076,1.61256,1.35534,0.183212,0.0315879,-0.134497,1.06822,1.33875,0.312903,1.27446,2.17405,0.928601,0.512567,3.22703,1.81871,1.02799,1.36672,0.0834908,-0.627354,0.117195,0.84749,1.69799,-0.201042,0.38048,-0.534375,-1.01588,0.074335,-1.68176,1.00798,-1.42317,0.84248,2.98018,1.13524,2.00985,0.377368,1.59709,0.902293,2.3165,0.0847172,0.90713,0.708465,1.63889,2.02646,0.215061,1.67586,2.03014,1.67072,1.35246,2.89443,1.25501,1.36773,1.68056,1.87318,0.842079,0.765816,1.60794,1.27328,1.111,2.23514,3.69357,1.59556,0.422723,0.418659,0.576721,1.5791,1.70692,1.79227,2.53579,1.75695,1.15023,1.39461,2.4843,1.67307,2.16442,1.58656,1.49314,2.05177,2.63579,1.18463,1.76531,2.63802,3.1815,2.40942,2.1038,1.86445,1.99161,-6.74245,-7.44279,-8.00158,-6.83113,-5.35405,-3.8994,-4.23415,-2.37955,-1.17563,-2.19261,-0.406106,-0.63081,0.365442,-0.327194,-0.635126,0.935539,-1.3745,0.481708,0.202239,0.591499,0.837111,0.659027,-1.42491,-0.365589,0.565861,1.77265,0.844332,1.93685,1.60999,0.908635,2.02333,2.01889,2.65386,0.430069,2.69855,0.442745,0.50453,0.172061,1.23074,2.48439,0.435555,0.946836,1.24171,1.84035,1.02195,1.33264,1.90302,1.67361,0.553004,2.37964,1.78459,0.910727,0.941,1.00964,2.37252,2.26294,0.867073,2.16425,0.183659,2.7193,0.436722), .Dim = c(61L,9L))
`LNtot` <- 
c(9.82892,10.4149,10.0284,9.55276,9.62563,9.44864,9.57213,10.1182,10.2635)
`Nobs` <- 
structure(c(19715,19715,19715,19715,19715,19715,19715,19715,19715,19715,19715,19715,19715,19715,19715,19715,19715,19715,19715,19715,19715,19715,19715,NA,NA,NA,NA,NA,NA,NA,NA,NA,NA,NA,NA,NA,NA,NA,NA,NA,NA,NA,NA,NA,NA,NA,NA,NA,NA,NA,NA,NA,NA,NA,NA,NA,NA,NA,NA,NA,NA,NA,NA,NA,NA,NA,NA,NA,NA,NA,NA,NA,NA,NA,NA,NA,NA,NA,NA,NA,NA,NA,NA,NA,NA,NA,NA,NA,NA,NA,NA,NA,NA,NA,NA,NA,NA,NA,NA,NA,NA,NA,NA,NA,NA,NA,NA,NA,NA,NA,NA,NA,NA,NA,NA,NA,NA,NA,NA,NA,NA,NA,NA,NA,NA,NA,NA,NA,NA,NA,NA,NA,NA,NA,NA,NA,NA,NA,NA,NA,NA,NA,NA,NA,NA,NA,NA,NA,NA,NA,NA,NA,NA,NA,NA,NA,NA,NA,NA,NA,NA,NA,NA,NA,NA,NA,NA,NA,NA,NA,NA,NA,NA,NA,NA,NA,NA,NA,NA,NA,NA,NA,NA,NA,NA,NA,NA,NA,NA,NA,NA,NA,NA,NA,NA,NA,NA,NA,NA,NA,NA,NA,NA,NA,NA,NA,NA,NA,NA,NA,NA,NA,NA,NA,NA,NA,NA,NA,NA,NA,NA,NA,NA,NA,NA,NA,NA,NA,NA,NA,NA,NA,NA,NA,NA,NA,NA,NA,NA,NA,NA,NA,NA,NA,NA,NA,NA,NA,NA,NA,NA,NA,NA,NA,NA,NA,NA,NA,NA,NA,NA,NA,NA,NA,NA,NA,NA,NA,NA,NA,NA,NA,NA,NA,NA,NA,NA,NA,NA,NA,NA,NA,NA,NA,NA,NA,NA,NA,NA,NA,NA,NA,NA,NA,NA,NA,NA,NA,NA,NA,NA,NA,NA,NA,NA,NA,NA,NA,NA,NA,NA,NA,NA,NA,NA,NA,NA,NA,NA,NA,NA,NA,NA,NA,NA,NA,NA,NA,NA,NA,NA,NA,NA,NA,NA,NA,NA,NA,NA,NA,NA,NA,NA,NA,NA,NA,NA,NA,NA,NA,NA,NA,NA,NA,NA,NA,NA,NA,NA,NA,NA,NA,NA,NA,NA,NA,NA,NA,NA,NA,NA,NA,NA,NA,NA,NA,NA,NA,NA,NA,NA,NA,NA,NA,NA,NA,NA,NA,NA,NA,NA,NA,NA,NA,NA,NA,NA,NA,NA,NA,NA,NA,NA,NA,NA,NA,NA,NA,NA,NA,NA,NA,NA,NA,NA,NA,NA,NA,NA,NA,NA,NA,NA,NA,NA,NA,NA,NA,NA,NA,NA,NA,NA,NA,NA,NA,NA,NA,NA,NA,NA,NA,NA,NA,NA,NA,NA,NA,NA,NA,NA,NA,NA,NA,NA,NA,NA,NA,NA,NA,NA,NA,NA,NA,NA,NA,NA,NA,NA,NA,NA,NA,NA,NA,NA,NA,NA,NA,NA,NA,NA,NA,NA,NA,NA,NA,NA,NA,NA,NA,NA,NA,NA,NA,NA,NA,NA,NA,NA,NA,NA,NA,NA,NA,NA,NA,NA,NA,NA,NA,NA,NA,NA,NA,NA,NA,NA,NA,NA,NA,NA,NA,NA,NA,NA,NA,NA,NA,NA,NA,NA,NA,NA,NA,NA,NA,NA,NA,NA,NA,NA,NA,NA,NA,NA,NA,NA,NA,NA), .Dim = c(61L,9L))
