`.RNG.name` <- "base::Wichmann-Hill"
`.RNG.state` <- 
c(4127L,26162L,22523L)
`BB` <- 
structure(c(-5.12155,-4.45308,-3.8589,-3.63607,-4.30454,-5.19582,-7.27548,-8.46386,-5.79001,-4.00744,-3.11616,-2.52197,-2.07633,-1.63069,-1.25932,-0.665132,-0.293764,-0.0709431,0.226151,0.448972,0.671793,0.746066,0.82034,0.389291,0.838149,1.55987,-0.585066,0.0258693,0.36081,1.02527,1.07005,1.57019,2.53548,1.59066,2.0324,1.58251,2.24217,2.32549,2.19093,1.67721,1.65121,1.46917,2.7674,0.861599,0.895804,3.26386,2.36259,2.42089,1.42772,2.64357,2.10441,2.62323,2.68409,2.20995,2.8867,0.724133,1.76548,2.42227,1.24564,-0.448457,-0.911981,2.50762,1.74824,2.39836,1.56346,1.83777,0.927135,1.75336,0.45287,1.9553,3.15776,-0.372084,1.25515,1.43201,2.46058,2.34371,2.54513,1.36631,1.49345,1.34244,2.59188,0.559108,1.13288,1.09289,1.71315,2.69445,2.92776,-0.435497,1.32739,0.0478566,1.81935,1.85221,2.44995,2.81244,0.871769,0.938727,1.00463,0.330211,1.83811,0.677829,2.31417,-0.388379,1.43344,1.29762,0.338226,1.4619,2.85347,1.90574,2.58578,3.16709,2.53897,3.77696,0.897505,1.44463,1.9026,2.06402,2.20923,1.76256,2.939,1.79336,2.26894,2.33438,-2.07633,-1.33359,-0.813679,-0.665132,-0.665132,-0.442311,-0.0709431,0.151878,0.448972,0.597519,0.746066,0.82034,0.82034,0.894613,0.968887,0.968887,0.82034,0.82034,0.82034,0.82034,0.894613,0.968887,1.11743,1.19171,0.410257,1.83621,2.22236,2.27256,1.26034,1.05812,1.88212,1.80438,-0.75551,0.920294,0.900587,0.303114,0.189708,2.22624,3.22703,3.49581,1.87693,1.74333,1.2951,1.09962,-0.52797,1.06543,0.604681,1.78595,1.80227,0.0982134,1.79729,2.40726,2.34777,2.54429,3.28298,0.617558,2.12205,0.864227,0.854625,1.88276,1.28866,-5.76556,-4.06314,-5.81703,-5.68464,-2.75626,-2.46448,-1.3937,-0.694133,-1.33148,1.11486,-1.41102,0.0390451,-0.262217,0.034932,0.733357,-0.895773,-0.172272,1.29076,-0.904785,0.254173,-0.826267,0.315472,1.34653,-1.49333,-0.338412,-2.01024,-0.890809,-1.81704,-0.438143,-0.50904,0.0580532,-0.12686,-0.414452,1.45136,-0.48747,1.33832,0.311262,0.105716,1.6571,1.42837,0.0898902,0.740387,0.43848,0.553348,1.45171,-0.457105,0.675242,0.320641,1.2423,0.316441,0.485955,0.186562,0.587954,1.97028,1.73909,0.830671,0.98352,0.109383,1.55366,1.04601,1.7472,0.448643,-0.599649,0.993307,0.832439,1.40807,1.29814,1.07965,2.27994,0.189364,0.636304,1.8763,2.24198,1.2391,0.777228,0.424264,0.0780102,1.50523,-0.975332,1.35475,1.8129,1.49128,1.9402,0.527915,1.84853,1.96414,1.67669,1.57496,1.62027,1.66929,1.72128,1.74876,1.4691,1.52703,2.98817,2.02043,1.7129,2.15086,2.73402,2.57274,2.47527,1.85894,2.78769,1.71694,3.3553,0.263389,3.28039,1.76041,0.776322,1.21074,0.723863,3.23669,3.05518,2.45681,0.967671,2.55454,2.52655,1.89834,2.0855,1.65382,1.65581,1.86648,-5.80398,-5.78964,-6.04262,-6.23771,-4.36422,-3.70354,-3.12183,-2.51101,-0.331933,-0.555491,-0.470635,1.68695,0.923756,0.192222,-0.0288506,1.177,1.20714,-0.206101,2.20917,0.214016,-0.49126,-0.626139,0.572467,0.123522,1.71594,1.7712,-0.926598,1.36215,1.24792,1.66475,0.250316,2.69601,-0.0126163,2.63504,2.09022,1.82338,0.998193,0.860842,1.31432,1.36249,2.80875,2.72045,0.629392,0.733658,1.1006,2.41231,2.11065,1.65215,1.80583,1.4003,2.34238,1.16434,1.82442,3.57498,1.97867,2.74049,2.32423,1.54839,1.04044,0.54122,1.60481), .Dim = c(61L,6L))
`LNtot` <- 
c(9.89608,10.4087,9.96184,9.55704,9.37436,10.1465)
`Nobs` <- 
structure(c(19715,19715,19715,19715,19715,19715,19715,19715,19715,19715,19715,19715,19715,19715,19715,19715,19715,19715,19715,19715,19715,19715,19715,NA,NA,NA,NA,NA,NA,NA,NA,NA,NA,NA,NA,NA,NA,NA,NA,NA,NA,NA,NA,NA,NA,NA,NA,NA,NA,NA,NA,NA,NA,NA,NA,NA,NA,NA,NA,NA,NA,NA,NA,NA,NA,NA,NA,NA,NA,NA,NA,NA,NA,NA,NA,NA,NA,NA,NA,NA,NA,NA,NA,NA,NA,NA,NA,NA,NA,NA,NA,NA,NA,NA,NA,NA,NA,NA,NA,NA,NA,NA,NA,NA,NA,NA,NA,NA,NA,NA,NA,NA,NA,NA,NA,NA,NA,NA,NA,NA,NA,NA,19715,19715,19715,19715,19715,19715,19715,19715,19715,19715,19715,19715,19715,19715,19715,19715,19715,19715,19715,19715,19715,19715,19715,19715,NA,NA,NA,NA,NA,NA,NA,NA,NA,NA,NA,NA,NA,NA,NA,NA,NA,NA,NA,NA,NA,NA,NA,NA,NA,NA,NA,NA,NA,NA,NA,NA,NA,NA,NA,NA,NA,NA,NA,NA,NA,NA,NA,NA,NA,NA,NA,NA,NA,NA,NA,NA,NA,NA,NA,NA,NA,NA,NA,NA,NA,NA,NA,NA,NA,NA,NA,NA,NA,NA,NA,NA,NA,NA,NA,NA,NA,NA,NA,NA,NA,NA,NA,NA,NA,NA,NA,NA,NA,NA,NA,NA,NA,NA,NA,NA,NA,NA,NA,NA,NA,NA,NA,NA,NA,NA,NA,NA,NA,NA,NA,NA,NA,NA,NA,NA,NA,NA,NA,NA,NA,NA,NA,NA,19715,19715,19715,19715,19715,NA,NA,NA,NA,NA,NA,NA,NA,NA,NA,NA,NA,NA,NA,NA,NA,NA,NA,NA,NA,NA,NA,NA,NA,NA,NA,NA,NA,NA,NA,NA,NA,NA,NA,NA,NA,NA,NA,NA,NA,NA,NA,NA,NA,NA,NA,NA,NA,NA,NA,NA,NA,NA,NA,NA,NA,NA,NA,NA,NA,NA,NA,NA,NA,NA,NA,NA,NA,NA,NA,NA,NA,NA,NA,NA,NA,NA,NA,NA,NA,NA,NA,NA,NA,NA,NA,NA,NA,NA,NA,NA), .Dim = c(61L,6L))
`P` <- 
structure(c(-10.5521,-10.1935,-9.92261,-9.59682,-9.25007,-9.10132,-8.80723,-8.52222,-8.35544,-8.09971,-7.7882,-7.16455,-6.826,-6.05626,-5.05463,-4.68492,-4.83569,-3.69336,-3.22187,-1.82169,-1.36828,-1.98915,-2.08659,-1.80279,-2.15355,-2.1941,-1.95777,-1.85703,-1.78319,-1.48244,-0.973505,-0.483334,0.68041,0.443114,0.665001,1.40051,1.53549,1.99212,2.08311,2.37941,2.11959,2.6115,2.4639,2.0483,2.15673,2.10341,2.02258,1.7022,2.54864,1.61942,0.99533,1.55327,1.18972,0.677993,0.855043,1.62568,2.10476,1.38059,-0.101121,-0.373456,4.29492,-7.08134,-6.78631,-6.32212,-6.14826,-6.37629,-6.0143,-5.20122,-4.56591,-4.11838,-4.99941,-5.24693,-4.62219,-3.73343,-2.9753,-3.55054,-3.1897,-3.24134,-3.01786,-2.13947,-2.06352,-2.53877,-1.20109,-0.399181,-0.62184,-1.0114,-0.946176,-1.3141,-1.60412,-1.53367,-1.22634,-0.509717,0.0247286,0.412278,-0.179933,-1.00931,-0.316848,-0.296465,0.732317,0.331928,0.527616,0.699785,0.0993021,0.465618,0.461054,0.164625,0.151765,0.408593,0.385138,-0.243796,-0.667462,-0.714588,-0.52611,-0.242324,-0.396211,-0.795723,-1.19632,-1.18731,-1.07102,-0.881114,-0.258408,4.12789,-8.35788,-8.11702,-7.47001,-7.41326,-6.65307,-7.13073,-6.45135,-6.37042,-5.68354,-5.56337,-5.19365,-5.14817,-5.0429,-4.67984,-4.6057,-4.25215,-3.82313,-3.94675,-3.9611,-3.63544,-3.11783,-2.78792,-1.69299,-1.67156,-3.04472,-2.84073,-2.6723,-2.06565,-1.46247,-2.05563,-2.10639,-1.57981,-1.12417,-0.204609,-0.456837,-0.748835,-0.546026,-0.569252,-0.414818,-0.837164,-0.177089,0.132137,-0.117192,0.273588,0.159069,0.175029,0.121514,0.197053,-0.286908,-0.252175,-0.114931,-0.286846,-0.216912,-0.164317,-0.102153,-0.388253,-0.111838,0.487498,0.626363,0.869562,7.07669,-9.49589,-9.39251,-9.02333,-8.95568,-9.07106,-8.61287,-8.2902,-8.29179,-8.02612,-7.83726,-7.56559,-7.41575,-7.1814,-6.69456,-6.71127,-6.13731,-5.86842,-5.92345,-5.66433,-5.508,-5.28463,-4.82693,-4.49058,-4.21134,-2.99644,-3.44369,-3.68597,-3.51402,-3.00305,-2.00923,-1.54373,-1.42205,-1.60738,-2.09741,-2.50707,-2.37069,-2.25635,-2.22956,-1.88593,-2.00576,-1.52596,-1.11562,-1.0139,-0.76412,-0.505096,-0.492597,0.155864,-0.00737763,-0.00285116,0.666514,0.466798,-0.144434,-0.150338,-0.306729,-0.375331,-0.27921,-0.593683,-0.262568,-0.498683,-0.213786,3.66705,-8.09399,-7.93255,-7.80013,-7.80047,-7.70612,-7.32179,-7.10425,-6.41103,-6.12468,-5.47915,-5.97002,-6.09567,-5.10103,-4.98446,-5.26591,-5.24051,-4.89198,-4.65634,-5.22345,-5.54572,-5.33177,-5.15018,-4.31641,-4.03461,-3.85944,-3.28109,-3.35626,-3.19655,-2.67741,-1.93713,-2.20265,-3.09635,-3.88953,-3.88151,-3.8774,-3.71221,-3.61018,-3.15369,-2.24109,-2.18496,-1.48063,-0.538373,-0.0912039,-0.326202,-1.27171,-1.27718,-1.04185,-1.33103,-1.38135,-1.16702,-1.22831,-0.899261,-0.197918,0.249237,0.430133,0.0400031,0.162016,0.196217,0.402188,0.55668,6.39339,-8.71033,-8.32838,-7.78841,-7.33417,-6.86661,-6.37616,-6.04406,-5.37113,-4.36569,-4.04079,-3.96797,-3.52221,-4.13603,-3.82265,-3.62338,-3.72565,-3.40526,-3.22985,-3.44984,-4.10779,-4.16169,-3.91024,-3.97713,-3.96945,-4.01198,-3.89934,-3.74511,-3.45997,-2.82235,-2.8696,-2.54854,-2.49657,-2.90254,-2.83595,-2.15756,-1.1522,-0.36194,-0.963583,-0.605554,1.09694,1.47036,0.659536,0.84037,0.907153,0.554383,0.457395,1.44258,1.75489,1.2202,1.87724,2.74553,2.33143,1.94221,2.43001,2.18576,2.40858,2.67886,2.86039,1.8163,1.84079,8.92379), .Dim = c(61L,6L))
`aB` <- 
3.02551
`aD` <- 
2.71829
`aP` <- 
-12.1712
`bB` <- 
0.0697734
`bD` <- 
0.01243
