`.RNG.name` <- "base::Marsaglia-Multicarry"
`.RNG.state` <- 
c(675251706L,1115673977L)
`BB` <- 
structure(c(-5.12155,-4.45308,-3.8589,-3.63607,-4.30454,-5.19582,-7.27548,-8.46386,-5.79001,-4.00744,-3.11616,-2.52197,-2.07633,-1.63069,-1.25932,-0.665132,-0.293764,-0.0709431,0.226151,0.448972,0.671793,0.746066,0.82034,2.06278,-0.180154,1.00477,-0.685086,0.48888,0.900815,1.10528,2.57724,0.307737,1.57448,1.0904,1.38489,0.432381,2.79681,3.05336,1.02149,1.75781,1.54361,1.04216,1.37862,1.26306,1.73805,1.84442,1.57021,1.18976,2.10114,1.96023,2.36213,2.16567,0.43689,2.35687,0.73861,0.585952,1.25449,0.988223,0.36309,-0.314132,-0.837784,1.94904,1.04048,0.39155,1.19304,0.235813,2.01438,0.222738,1.06859,2.06654,0.293814,1.65606,0.289075,0.780381,0.785474,2.69052,3.42348,2.61438,1.66793,2.0868,1.30436,0.535749,1.301,1.73683,-0.479573,2.44223,0.476324,-0.0569764,1.68919,1.38394,1.51264,1.7137,0.9582,2.10984,0.49792,0.461365,1.02012,0.101663,1.43963,0.431439,1.28396,0.539597,1.5456,1.55522,0.384159,0.238703,1.43645,2.14881,1.81228,1.20901,1.73268,0.91122,-0.633376,1.36286,1.30308,1.2857,1.86038,1.44106,1.5318,0.623192,1.26875,1.0303,-2.07633,-1.33359,-0.813679,-0.665132,-0.665132,-0.442311,-0.0709431,0.151878,0.448972,0.597519,0.746066,0.82034,0.82034,0.894613,0.968887,0.968887,0.82034,0.82034,0.82034,0.82034,0.894613,0.968887,1.11743,1.19171,0.336731,0.537899,0.930301,-0.118032,-0.474046,0.833976,0.545551,-0.310751,0.924246,-1.01647,1.19552,1.42483,1.46154,0.663906,1.98349,1.33959,1.2042,1.08784,0.938025,-0.225786,-0.214489,0.638968,0.245557,2.50856,-0.576299,0.713405,0.688532,0.733546,2.47786,2.02185,2.87867,1.4537,-0.20845,1.36299,-0.122409,0.810847,0.659043,-7.16676,-6.86924,-6.2452,-4.72316,-3.81591,-3.00256,-2.02405,-2.36047,-0.555869,0.928495,0.0105256,0.0943955,0.37751,-0.320716,-0.221236,-0.149511,-1.32713,1.51291,-0.812338,0.38817,-1.62462,-2.32029,-2.3765,-2.20972,-1.83908,-1.36585,-2.10855,-2.53273,-2.80673,-2.17926,-0.339317,-0.0281423,-1.40157,0.880523,-0.90888,-1.16164,0.427463,0.727916,0.41528,-0.0369046,-0.0149811,0.773778,2.41028,0.390032,0.312961,0.743504,0.191179,0.466727,0.0582507,0.268533,0.531882,-0.17031,0.573106,1.08564,0.602202,-0.128431,1.15742,-0.00578752,0.789395,0.163292,-0.406635,-0.057331,0.079312,-0.553578,0.156974,0.888277,0.977128,0.730772,0.600956,2.08115,0.421732,-0.124097,1.54668,1.09761,1.66192,0.961387,1.69126,0.323083,-0.184154,0.196019,0.792919,1.45913,1.8922,0.273839,1.97197,2.47017,0.876775,1.57496,1.62027,1.66929,1.72128,1.74876,1.38464,1.55078,1.98281,1.90811,1.4505,1.11584,3.27821,2.13137,2.05841,0.179718,1.922,3.20927,1.29047,1.1472,1.21001,3.13681,2.18979,1.01692,0.370745,1.54619,1.41099,0.574127,2.19093,2.78922,0.481136,1.67494,0.0139411,1.72249,1.57665,1.56431,-7.6765,-6.81045,-6.49263,-6.10724,-6.01896,-3.45268,-2.68948,-2.49078,-2.75013,-0.319014,-2.36107,-1.15568,1.07247,-0.716344,-0.973222,-0.0621336,1.40342,-0.494633,0.492216,0.890535,0.0197209,0.537618,-1.08402,1.76404,0.95861,1.03747,-0.279685,1.46047,1.57989,1.626,1.73421,0.603018,0.571703,1.23139,1.01879,2.74495,-0.0729584,0.50984,1.48843,-0.0749927,1.52018,1.04615,0.55698,0.863484,-0.0067939,0.201186,2.9815,0.692686,-0.189532,2.57002,2.29183,1.79573,1.54572,1.51018,2.15779,2.07223,-0.187735,1.18201,1.02107,2.80803,2.9963), .Dim = c(61L,6L))
`LNtot` <- 
c(9.81654,10.43,10.0525,9.65781,9.37542,10.2373)
`Nobs` <- 
structure(c(19715,19715,19715,19715,19715,19715,19715,19715,19715,19715,19715,19715,19715,19715,19715,19715,19715,19715,19715,19715,19715,19715,19715,NA,NA,NA,NA,NA,NA,NA,NA,NA,NA,NA,NA,NA,NA,NA,NA,NA,NA,NA,NA,NA,NA,NA,NA,NA,NA,NA,NA,NA,NA,NA,NA,NA,NA,NA,NA,NA,NA,NA,NA,NA,NA,NA,NA,NA,NA,NA,NA,NA,NA,NA,NA,NA,NA,NA,NA,NA,NA,NA,NA,NA,NA,NA,NA,NA,NA,NA,NA,NA,NA,NA,NA,NA,NA,NA,NA,NA,NA,NA,NA,NA,NA,NA,NA,NA,NA,NA,NA,NA,NA,NA,NA,NA,NA,NA,NA,NA,NA,NA,19715,19715,19715,19715,19715,19715,19715,19715,19715,19715,19715,19715,19715,19715,19715,19715,19715,19715,19715,19715,19715,19715,19715,19715,NA,NA,NA,NA,NA,NA,NA,NA,NA,NA,NA,NA,NA,NA,NA,NA,NA,NA,NA,NA,NA,NA,NA,NA,NA,NA,NA,NA,NA,NA,NA,NA,NA,NA,NA,NA,NA,NA,NA,NA,NA,NA,NA,NA,NA,NA,NA,NA,NA,NA,NA,NA,NA,NA,NA,NA,NA,NA,NA,NA,NA,NA,NA,NA,NA,NA,NA,NA,NA,NA,NA,NA,NA,NA,NA,NA,NA,NA,NA,NA,NA,NA,NA,NA,NA,NA,NA,NA,NA,NA,NA,NA,NA,NA,NA,NA,NA,NA,NA,NA,NA,NA,NA,NA,NA,NA,NA,NA,NA,NA,NA,NA,NA,NA,NA,NA,NA,NA,NA,NA,NA,NA,NA,NA,19715,19715,19715,19715,19715,NA,NA,NA,NA,NA,NA,NA,NA,NA,NA,NA,NA,NA,NA,NA,NA,NA,NA,NA,NA,NA,NA,NA,NA,NA,NA,NA,NA,NA,NA,NA,NA,NA,NA,NA,NA,NA,NA,NA,NA,NA,NA,NA,NA,NA,NA,NA,NA,NA,NA,NA,NA,NA,NA,NA,NA,NA,NA,NA,NA,NA,NA,NA,NA,NA,NA,NA,NA,NA,NA,NA,NA,NA,NA,NA,NA,NA,NA,NA,NA,NA,NA,NA,NA,NA,NA,NA,NA,NA,NA,NA), .Dim = c(61L,6L))
`P` <- 
structure(c(-10.5651,-10.2887,-10.0114,-9.60891,-9.37471,-9.08478,-8.83382,-8.61857,-8.39709,-8.17641,-7.85262,-7.33623,-6.84262,-6.19104,-5.15174,-4.8605,-5.00448,-3.87047,-3.39849,-1.98152,-1.57108,-2.16956,-2.13077,-1.9062,-2.31641,-2.30974,-2.11797,-2.05972,-1.91991,-1.609,-1.0072,-0.554055,0.491515,0.283643,0.539391,1.23952,1.39583,1.7657,1.89729,2.16046,1.9318,2.37315,2.331,1.89328,1.97117,1.91142,1.87121,1.49354,2.36369,1.47805,0.866053,1.40458,0.959675,0.439823,0.684572,1.4363,1.89828,1.16177,-0.268644,-0.591838,4.29492,-7.1727,-6.86003,-6.41812,-6.33202,-6.49853,-6.09862,-5.32052,-4.71049,-4.28415,-5.11123,-5.31823,-4.68261,-3.95202,-3.12454,-3.63841,-3.26782,-3.35015,-3.09193,-2.25394,-2.27413,-2.64069,-1.31212,-0.557782,-0.79687,-1.11371,-1.14029,-1.42637,-1.76031,-1.59731,-1.38982,-0.589932,-0.128994,0.219952,-0.351554,-1.07955,-0.464092,-0.335233,0.49797,0.206792,0.31614,0.606051,-0.0658342,0.304326,0.292994,-0.0226736,0.0680763,0.302917,0.271676,-0.433866,-0.835091,-0.95682,-0.645735,-0.355412,-0.49049,-0.911969,-1.36811,-1.36033,-1.18184,-1.02101,-0.445384,4.12789,-8.44608,-8.21005,-7.53705,-7.54191,-6.7195,-7.21109,-6.59036,-6.37928,-5.84081,-5.67926,-5.26881,-5.25071,-5.15911,-4.87758,-4.65908,-4.32728,-3.96433,-4.0229,-4.08499,-3.7688,-3.26952,-2.88269,-1.84745,-1.79281,-3.22698,-3.05113,-2.75129,-2.21111,-1.64539,-2.16836,-2.23896,-1.71349,-1.2924,-0.332791,-0.589481,-0.840822,-0.749933,-0.694461,-0.570349,-0.986047,-0.357499,-0.009623,-0.301756,0.141743,0.0337246,0.0713059,-0.0295403,-0.00461887,-0.427285,-0.475142,-0.2363,-0.402556,-0.432071,-0.319644,-0.234285,-0.486921,-0.269898,0.342322,0.505713,0.644892,7.07669,-9.64131,-9.42489,-9.17202,-9.06397,-9.06897,-8.70698,-8.34206,-8.3402,-8.08619,-7.96147,-7.68934,-7.49922,-7.30526,-6.72323,-6.8147,-6.26391,-5.89713,-6.07805,-5.8023,-5.66646,-5.33651,-4.94655,-4.56174,-4.24617,-3.15971,-3.60973,-3.79509,-3.68349,-3.12843,-2.15321,-1.65893,-1.55869,-1.79731,-2.26892,-2.6412,-2.51952,-2.32102,-2.38022,-2.03547,-2.16259,-1.72574,-1.24289,-1.20105,-0.919078,-0.606149,-0.67359,0.0302492,-0.104353,-0.148225,0.48074,0.296197,-0.349864,-0.257601,-0.616088,-0.465619,-0.497821,-0.734042,-0.486477,-0.641651,-0.371258,3.66705,-8.15793,-8.00384,-7.82534,-7.85678,-7.84061,-7.41064,-7.17641,-6.54885,-6.32306,-5.56639,-5.97685,-6.17357,-5.19803,-5.03907,-5.36562,-5.31626,-4.95524,-4.7719,-5.32353,-5.66225,-5.4573,-5.23916,-4.42574,-4.27837,-4.08418,-3.43425,-3.54727,-3.30334,-2.79792,-2.06493,-2.31132,-3.12654,-3.96157,-3.91708,-3.99122,-3.89159,-3.75485,-3.2826,-2.34703,-2.34449,-1.59462,-0.702532,-0.290763,-0.449174,-1.45786,-1.4103,-1.1821,-1.49644,-1.50937,-1.31264,-1.36778,-1.07551,-0.308565,0.116948,0.24699,-0.195688,-0.0493676,0.022799,0.205456,0.421693,6.39339,-8.83303,-8.4715,-7.82095,-7.42822,-7.05467,-6.45728,-6.20539,-5.42838,-4.50094,-4.2519,-4.16016,-3.60579,-4.2102,-3.96396,-3.69655,-3.84419,-3.59448,-3.33444,-3.61219,-4.25549,-4.3093,-3.95732,-4.05281,-4.08772,-4.09274,-4.0363,-3.87237,-3.52264,-2.97933,-3.00833,-2.63582,-2.71948,-3.01636,-3.03168,-2.18699,-1.26444,-0.507348,-1.11113,-0.741579,1.00421,1.27309,0.53338,0.665875,0.736273,0.451784,0.270172,1.2601,1.56675,1.01777,1.7102,2.56016,2.22086,1.7019,2.25863,2.01458,2.26309,2.48658,2.73521,1.7655,1.71453,8.92379), .Dim = c(61L,6L))
`aB` <- 
2.76171
