`.RNG.name` <- "base::Wichmann-Hill"
`.RNG.state` <- 
c(10789L,2693L,12241L)
`LNtot` <- 
c(9.61727,10.2246,9.6323,9.1318,9.21569,9.97909)
`Nobs` <- 
structure(c(17972,17972,17972,17972,17972,17972,17972,17972,17972,17972,17972,17972,17972,17972,17972,17972,17972,17972,17972,17972,17972,17972,17972,NA,NA,NA,NA,NA,NA,NA,NA,NA,NA,NA,NA,NA,NA,NA,NA,NA,NA,NA,NA,NA,NA,NA,NA,NA,NA,NA,NA,NA,NA,NA,NA,NA,NA,NA,NA,NA,NA,NA,NA,NA,NA,NA,NA,NA,NA,NA,NA,NA,NA,NA,NA,NA,NA,NA,NA,NA,NA,NA,NA,NA,NA,NA,NA,NA,NA,NA,NA,NA,NA,NA,NA,NA,NA,NA,NA,NA,NA,NA,NA,NA,NA,NA,NA,NA,NA,NA,NA,NA,NA,NA,NA,NA,NA,NA,NA,NA,NA,NA,17972,17972,17972,17972,17972,17972,17972,17972,17972,17972,17972,17972,17972,17972,17972,17972,17972,17972,17972,17972,17972,17972,17972,17972,NA,NA,NA,NA,NA,NA,NA,NA,NA,NA,NA,NA,NA,NA,NA,NA,NA,NA,NA,NA,NA,NA,NA,NA,NA,NA,NA,NA,NA,NA,NA,NA,NA,NA,NA,NA,NA,NA,NA,NA,NA,NA,NA,NA,NA,NA,NA,NA,NA,NA,NA,NA,NA,NA,NA,NA,NA,NA,NA,NA,NA,NA,NA,NA,NA,NA,NA,NA,NA,NA,NA,NA,NA,NA,NA,NA,NA,NA,NA,NA,NA,NA,NA,NA,NA,NA,NA,NA,NA,NA,NA,NA,NA,NA,NA,NA,NA,NA,NA,NA,NA,NA,NA,NA,NA,NA,NA,NA,NA,NA,NA,NA,NA,NA,NA,NA,NA,NA,NA,NA,NA,NA,NA,NA,17972,17972,17972,17972,17972,NA,NA,NA,NA,NA,NA,NA,NA,NA,NA,NA,NA,NA,NA,NA,NA,NA,NA,NA,NA,NA,NA,NA,NA,NA,NA,NA,NA,NA,NA,NA,NA,NA,NA,NA,NA,NA,NA,NA,NA,NA,NA,NA,NA,NA,NA,NA,NA,NA,NA,NA,NA,NA,NA,NA,NA,NA,NA,NA,NA,NA,NA,NA,NA,NA,NA,NA,NA,NA,NA,NA,NA,NA,NA,NA,NA,NA,NA,NA,NA,NA,NA,NA,NA,NA,NA,NA,NA,NA,NA,NA), .Dim = c(61L,6L))
`P` <- 
structure(c(-11.3373,-11.0953,-10.7795,-10.3947,-10.0249,-9.77364,-9.51844,-9.27645,-9.01649,-8.72098,-8.38711,-7.74855,-7.33877,-6.50356,-5.40994,-5.06949,-5.27024,-4.0528,-3.50002,-1.9242,-1.47988,-2.07318,-2.20828,-1.94006,-2.23695,-2.35858,-2.04035,-1.97155,-1.89383,-1.542,-0.92672,-0.456789,0.746708,0.495432,0.742996,1.58413,1.76762,2.18535,2.33079,2.5908,2.34235,2.84509,2.69803,2.28145,2.41479,2.32466,2.28656,1.93113,2.87512,1.81197,1.21606,1.74086,1.30223,0.757149,0.982807,1.78648,2.20873,1.50158,-0.0760653,-0.370455,4.29492,-7.64786,-7.34618,-6.80143,-6.67167,-6.83263,-6.49138,-5.53727,-4.96486,-4.45821,-5.32522,-5.68383,-4.89744,-4.0517,-3.09287,-3.80145,-3.36395,-3.46415,-3.18092,-2.24067,-2.2375,-2.67018,-1.25085,-0.421982,-0.625656,-1.01067,-1.01672,-1.34744,-1.71088,-1.54131,-1.34985,-0.426223,0.101832,0.49199,-0.18346,-0.974585,-0.280272,-0.143508,0.831127,0.480275,0.587966,0.927704,0.199976,0.605782,0.547935,0.237722,0.282683,0.541173,0.469524,-0.256514,-0.629243,-0.784982,-0.579927,-0.176444,-0.421877,-0.774552,-1.30828,-1.19272,-1.19868,-0.951335,-0.254273,4.12789,-9.05245,-8.77775,-8.03703,-8.03961,-7.10137,-7.68152,-7.01552,-6.81592,-6.14177,-6.04692,-5.62383,-5.50089,-5.44356,-5.06415,-4.87674,-4.54685,-4.16347,-4.18043,-4.32463,-3.93009,-3.23207,-2.95437,-1.79737,-1.81528,-3.29869,-3.10976,-2.79571,-2.19747,-1.58105,-2.10403,-2.15947,-1.61497,-1.18948,-0.171048,-0.398377,-0.697583,-0.560509,-0.529981,-0.412974,-0.877075,-0.250061,0.253273,-0.144732,0.361947,0.257034,0.342499,0.220322,0.207917,-0.224904,-0.241419,-0.058094,-0.188972,-0.2631,-0.124572,-0.000468447,-0.394775,-0.0675709,0.560084,0.776174,1.01154,7.07669,-10.3301,-10.1432,-9.85067,-9.73737,-9.71442,-9.33594,-8.9253,-8.9504,-8.72702,-8.50158,-8.1909,-8.04918,-7.73399,-7.23522,-7.24443,-6.5938,-6.29191,-6.41388,-6.17706,-5.91549,-5.54231,-5.15847,-4.84433,-4.4553,-3.26438,-3.68423,-3.98193,-3.79304,-3.18977,-2.05562,-1.59186,-1.48965,-1.71945,-2.25337,-2.64097,-2.52776,-2.4167,-2.44068,-2.01733,-2.17873,-1.6208,-1.16006,-1.15577,-0.769543,-0.479104,-0.584299,0.296193,0.124402,-0.0470511,0.771188,0.586752,-0.197719,-0.0244896,-0.349555,-0.28783,-0.2728,-0.621487,-0.337273,-0.509781,-0.183101,3.66705,-8.7282,-8.55776,-8.38974,-8.44487,-8.36987,-7.89599,-7.66534,-6.9422,-6.59821,-5.84764,-6.3675,-6.46014,-5.51912,-5.33588,-5.64043,-5.60059,-5.30514,-5.03036,-5.5532,-6.0013,-5.77179,-5.53104,-4.66028,-4.35002,-4.22248,-3.49611,-3.59973,-3.37698,-2.82522,-2.05332,-2.28962,-3.25549,-4.20688,-4.12033,-4.12498,-3.93657,-3.79683,-3.314,-2.39372,-2.35849,-1.56065,-0.510782,-0.102684,-0.270508,-1.30496,-1.33552,-1.08438,-1.36365,-1.44499,-1.24613,-1.23117,-0.967198,-0.123648,0.361104,0.466224,0.0489323,0.174615,0.304226,0.466846,0.653537,6.39339,-9.44434,-9.05856,-8.33328,-8.01492,-7.45028,-6.90726,-6.59412,-5.74823,-4.70198,-4.3689,-4.31003,-3.73811,-4.39657,-4.14571,-3.8849,-4.00735,-3.65599,-3.41301,-3.72124,-4.39249,-4.52761,-4.14446,-4.24656,-4.23526,-4.2485,-4.22094,-4.00413,-3.69745,-3.06686,-3.11418,-2.72378,-2.67075,-3.06928,-3.06599,-2.25637,-1.18343,-0.314782,-0.939401,-0.554681,1.30239,1.63352,0.90118,0.970613,1.06558,0.720976,0.534321,1.62565,1.986,1.32827,2.06274,3.00193,2.57312,2.2486,2.71053,2.364,2.71455,2.90056,3.20567,2.03005,2.00306,8.92379), .Dim = c(61L,6L))
`aD` <- 
2.66651
`aP` <- 
-13.1832
`bD` <- 
0.00696973
`bP` <- 
0.966254
`cvD` <- 
0.686813
`cvmuD` <- 
0.862541
`eta_alphaN` <- 
104.876
`muD` <- 
structure(c(2.38703,2.88021,6.59599,13.9473,9.24534,3.69478,2.70104,1.74831,2.67477,10.046,7.30858,18.1147,3.37274,2.66063,26.7863,4.8748,8.4565,12.1666,8.22161,8.90474,16.3614,19.1241,14.8045,5.51758,21.4855,13.4904,10.6751,20.1222,7.91847,1.98461,6.433,4.5616,7.17179,9.6673,18.0606,3.65439,5.98516,11.4795,47.7253,48.2466,9.10896,19.6152,12.0271,4.69558,47.0387,8.81309,13.6937,8.19279,27.3362,9.76123,15.1531,6.68605,5.45812,14.6549,40.2307,20.6557,18.4798,16.5098,12.8647,1.56414,6.42656,18.4761,19.372,17.0124,31.6715,19.2364,15.648,11.6677,19.4975,39.2196,12.9527,13.7219,6.59564,3.57265,1.77488,5.58587,3.95173,5.88265,14.7173,1.95292,8.5305,5.34211,47.8936,3.91903,13.9417,18.0333,23.6816,19.2769,17.1606,19.8591,19.0156,4.1946,21.2924,15.4467,19.8233,12.1602,4.98631,6.95425,25.0669,2.43427,20.0906,1.08123,7.77914,8.49363,10.3659,11.7754,24.5973,16.0055,13.2529,7.96904,17.979,5.24071,4.69015,2.06785,4.41599,63.1235,3.81297,10.9553,14.143,11.6906,9.84462,11.2328,62.0767,7.04577,4.57356,13.1176,9.00201,8.02866,5.52988,3.54112,14.1184,2.13202,4.79213,11.3571,7.98034,23.7329,8.34437,8.69174,6.99119,7.2723,5.70716,32.9793,29.1905,10.4648,3.4478,4.1793,17.4486,10.5563,3.11879,5.75354,4.06673,6.65157,5.70484,9.57258,4.22717,7.36038,9.42572,27.4542,1.40073,18.79,20.664,10.6313,23.2567,24.5706,12.7358,9.68435,20.7062,33.4189,4.09181,9.18194,5.9706,12.764,8.08132,7.49514,3.29896,5.11512,16.8399,6.93089,14.4128,10.0714,16.6939,25.703,6.79858,18.9171,10.0882,11.4534,0.871809,9.37551,6.78812,7.76062,6.93402,7.90205,10.1242,27.0948,7.91289,7.34259,12.3654,9.19616,8.41777,6.76109,21.3881,9.03891,6.11305,9.69317,5.31097,15.351,3.70065,0.703708,5.4662,1.39919,7.4958,8.61858,2.65298,15.1508,2.80359,3.48151,6.56194,26.6391,3.46885,13.6302,38.5162,14.29,3.84063,6.59057,8.33449,8.17337,4.62217,6.47724,2.44231,8.2793,19.5272,13.1988,49.8899,11.8312,3.44694,20.2709,20.6686,5.89345,8.25028,3.91889,41.0953,3.95649,9.78212,5.1321,9.86996,13.7499,8.76928,9.25117,11.3411,34.3007,9.6962,4.68862,8.79054,34.4477,17.8843,10.0143,11.8985,16.9599,6.40436,11.8378,13.2379,10.9856,33.9673,7.3801,7.21965,24.1702,10.5965,11.9602,18.7498,11.3297,13.2401,34.8438,4.09601,9.9964,1.88541,27.4496,2.07587,2.9817,6.19482,2.86051,8.23438,19.966,3.4213,30.0613,1.24196,1.77264,7.01667,10.1857,10.3396,4.31035,16.0614,17.8904,23.039,10.3758,16.5668,5.75627,20.2363,5.36366,7.59593,70.8322,11.2012,11.6921,6.88559,13.0951,9.52686,4.73163,14.0693,1.34929,2.70264,1.82662,10.0588,10.9393,9.8013,15.353,16.2085,13.9129,4.49654,8.41921,11.3965,3.12012,4.01754,12.0463,4.82248,20.6968,5.85006,5.45335,3.25728,17.3101,7.80972,7.02387,8.15192,25.3158,12.1918,3.27343,2.69768,10.7483,17.3147,3.65857,7.39417,16.0965,2.65503,7.0344,6.90965,3.43564,8.6032,21.1437,39.598,16.5708,9.95829,4.36317,7.17819,12.6229,7.66841,12.8958,3.63663,11.7678,9.57918,5.57281,10.4478,3.1868,7.58225,27.367,9.48573,15.7629,4.92166,8.85849), .Dim = c(61L,6L))
`sdP` <- 
0.78658
