`.RNG.name` <- "base::Marsaglia-Multicarry"
`.RNG.state` <- 
c(178882775L,1091921471L)
`LNtot` <- 
c(9.58806,10.2179,9.62507,9.13877,9.28557,9.97853)
`Nobs` <- 
structure(c(17972,17972,17972,17972,17972,17972,17972,17972,17972,17972,17972,17972,17972,17972,17972,17972,17972,17972,17972,17972,17972,17972,17972,NA,NA,NA,NA,NA,NA,NA,NA,NA,NA,NA,NA,NA,NA,NA,NA,NA,NA,NA,NA,NA,NA,NA,NA,NA,NA,NA,NA,NA,NA,NA,NA,NA,NA,NA,NA,NA,NA,NA,NA,NA,NA,NA,NA,NA,NA,NA,NA,NA,NA,NA,NA,NA,NA,NA,NA,NA,NA,NA,NA,NA,NA,NA,NA,NA,NA,NA,NA,NA,NA,NA,NA,NA,NA,NA,NA,NA,NA,NA,NA,NA,NA,NA,NA,NA,NA,NA,NA,NA,NA,NA,NA,NA,NA,NA,NA,NA,NA,NA,17972,17972,17972,17972,17972,17972,17972,17972,17972,17972,17972,17972,17972,17972,17972,17972,17972,17972,17972,17972,17972,17972,17972,17972,NA,NA,NA,NA,NA,NA,NA,NA,NA,NA,NA,NA,NA,NA,NA,NA,NA,NA,NA,NA,NA,NA,NA,NA,NA,NA,NA,NA,NA,NA,NA,NA,NA,NA,NA,NA,NA,NA,NA,NA,NA,NA,NA,NA,NA,NA,NA,NA,NA,NA,NA,NA,NA,NA,NA,NA,NA,NA,NA,NA,NA,NA,NA,NA,NA,NA,NA,NA,NA,NA,NA,NA,NA,NA,NA,NA,NA,NA,NA,NA,NA,NA,NA,NA,NA,NA,NA,NA,NA,NA,NA,NA,NA,NA,NA,NA,NA,NA,NA,NA,NA,NA,NA,NA,NA,NA,NA,NA,NA,NA,NA,NA,NA,NA,NA,NA,NA,NA,NA,NA,NA,NA,NA,NA,17972,17972,17972,17972,17972,NA,NA,NA,NA,NA,NA,NA,NA,NA,NA,NA,NA,NA,NA,NA,NA,NA,NA,NA,NA,NA,NA,NA,NA,NA,NA,NA,NA,NA,NA,NA,NA,NA,NA,NA,NA,NA,NA,NA,NA,NA,NA,NA,NA,NA,NA,NA,NA,NA,NA,NA,NA,NA,NA,NA,NA,NA,NA,NA,NA,NA,NA,NA,NA,NA,NA,NA,NA,NA,NA,NA,NA,NA,NA,NA,NA,NA,NA,NA,NA,NA,NA,NA,NA,NA,NA,NA,NA,NA,NA,NA), .Dim = c(61L,6L))
`P` <- 
structure(c(-11.006,-10.7606,-10.3955,-10.0669,-9.6648,-9.51244,-9.23286,-8.98753,-8.75328,-8.52388,-8.06406,-7.54564,-7.15114,-6.34201,-5.34537,-4.95917,-5.05056,-3.88412,-3.33727,-1.83035,-1.40285,-2.04218,-2.10121,-1.80831,-2.17384,-2.31446,-2.00231,-1.95809,-1.80934,-1.51496,-0.930527,-0.424046,0.704467,0.484915,0.757652,1.49316,1.70691,2.15486,2.28125,2.56133,2.32097,2.76167,2.6387,2.22865,2.31189,2.25059,2.23925,1.8217,2.84324,1.8141,1.13074,1.72652,1.22963,0.815445,0.909754,1.79083,2.13861,1.4543,-0.0592476,-0.416344,4.29492,-7.42851,-7.07369,-6.59366,-6.51386,-6.60198,-6.30709,-5.40416,-4.77151,-4.31191,-5.15526,-5.49233,-4.77624,-3.99932,-3.00614,-3.70195,-3.31012,-3.41083,-3.09706,-2.22357,-2.14734,-2.54779,-1.21646,-0.380908,-0.633829,-0.998088,-0.99762,-1.32682,-1.61152,-1.44574,-1.27045,-0.454806,0.104939,0.486891,-0.160924,-0.909997,-0.275251,-0.156548,0.744138,0.455691,0.593163,0.854733,0.175495,0.552234,0.544979,0.195145,0.234073,0.523064,0.543399,-0.263452,-0.670761,-0.703573,-0.508775,-0.126771,-0.34615,-0.727734,-1.24808,-1.18437,-1.07385,-0.922268,-0.232868,4.12789,-8.80946,-8.51708,-7.76627,-7.84456,-6.94067,-7.5269,-6.81185,-6.56293,-5.90166,-5.85189,-5.41494,-5.34404,-5.25792,-4.91574,-4.72368,-4.39212,-4.01462,-4.00914,-4.06862,-3.74642,-3.16721,-2.85832,-1.72486,-1.70097,-3.2084,-3.02125,-2.67829,-2.13309,-1.54346,-2.06448,-2.24911,-1.53351,-1.1447,-0.205847,-0.353002,-0.712299,-0.506794,-0.578027,-0.363482,-0.820681,-0.158255,0.212972,-0.110129,0.35178,0.208402,0.278332,0.170273,0.230967,-0.236349,-0.204597,0.00685248,-0.210797,-0.284121,-0.148124,-0.0789222,-0.313932,-0.109957,0.603058,0.750073,0.953585,7.07669,-9.96345,-9.82025,-9.5069,-9.40732,-9.45979,-9.05995,-8.68693,-8.68135,-8.41817,-8.27569,-7.9392,-7.81396,-7.57215,-6.91029,-6.98511,-6.40053,-6.05181,-6.2501,-5.91829,-5.70487,-5.41333,-4.99267,-4.70975,-4.2662,-3.07393,-3.58899,-3.81751,-3.64176,-3.07535,-1.9968,-1.55799,-1.4457,-1.6791,-2.21769,-2.5426,-2.39842,-2.23077,-2.36335,-1.93441,-2.10197,-1.56627,-1.09619,-1.04444,-0.719541,-0.401734,-0.517735,0.324523,0.0884619,0.0588979,0.741553,0.549543,-0.132204,-0.0545157,-0.322055,-0.297617,-0.29041,-0.560274,-0.307222,-0.475094,-0.168277,3.66705,-8.4854,-8.31716,-8.12073,-8.19562,-8.17907,-7.69264,-7.45752,-6.75703,-6.4147,-5.66381,-6.2086,-6.34287,-5.44971,-5.20251,-5.51775,-5.48978,-5.11736,-4.91452,-5.32746,-5.84322,-5.51285,-5.30515,-4.5388,-4.26603,-4.05775,-3.37005,-3.52367,-3.29823,-2.78116,-2.03231,-2.2659,-3.20281,-4.05899,-4.04096,-4.0271,-3.82933,-3.73728,-3.2975,-2.31319,-2.27612,-1.52241,-0.517031,-0.090996,-0.293968,-1.34417,-1.30775,-1.07142,-1.37963,-1.37882,-1.15961,-1.20456,-0.920868,-0.101032,0.277335,0.49948,0.153375,0.141798,0.260653,0.457506,0.71549,6.39339,-9.12235,-8.78253,-8.02671,-7.72087,-7.25793,-6.64279,-6.30388,-5.55627,-4.4821,-4.28304,-4.20512,-3.61148,-4.26701,-4.0194,-3.80136,-3.8996,-3.50657,-3.28543,-3.61104,-4.29084,-4.3536,-4.09165,-4.11909,-4.118,-4.11841,-4.04658,-3.98563,-3.50827,-2.96209,-2.98561,-2.5605,-2.635,-2.99736,-2.95702,-2.1856,-1.18448,-0.306372,-0.884333,-0.520269,1.28734,1.56208,0.83794,0.935953,1.05708,0.63394,0.493049,1.5189,1.94115,1.32407,2.05797,2.90467,2.51015,2.16297,2.62056,2.37001,2.62832,2.86075,3.16554,1.96685,1.99066,8.92379), .Dim = c(61L,6L))
`aD` <- 
2.50815
`aP` <- 
-12.7904
`bD` <- 
0.0131229
`bP` <- 
0.938177
`cvD` <- 
0.42933
`cvmuD` <- 
0.93863
`eta_alphaN` <- 
121.304
`muD` <- 
structure(c(4.48335,3.4807,2.43523,1.38795,1.58664,5.78723,2.01628,0.828765,1.45189,3.81629,6.78105,2.94624,19.889,5.21486,2.98236,9.38035,5.02437,6.30148,2.81561,15.2113,23.6412,4.33032,3.55291,9.55522,3.12443,4.64984,3.5038,5.5781,3.57494,12.8795,7.76112,6.30887,3.3624,8.70497,5.11811,1.20357,4.05391,25.78,1.41183,14.1709,5.07632,3.7188,9.64254,7.87165,2.52722,2.44881,33.4246,18.0582,2.88628,2.03818,28.1613,4.73925,12.7506,5.19786,5.28736,2.67488,9.55475,10.5911,3.31982,1.98377,6.18739,3.54566,12.529,12.7077,26.3783,10.8959,14.1732,13.4191,36.7048,16.672,11.3301,3.28825,2.96112,2.96678,12.1276,6.76571,4.66874,1.55596,2.63415,3.26019,3.19974,3.18765,6.74414,18.5141,5.50252,11.8889,2.36089,17.7758,9.46572,20.3922,11.2382,19.2017,13.2742,6.62373,16.9155,3.12103,3.3609,3.61023,6.12441,4.64957,1.15691,1.64005,7.97926,11.2767,10.476,4.17898,5.05872,4.78256,15.0538,2.10602,3.65149,10.2606,1.42707,11.5426,9.9624,3.70126,16.7771,20.0218,27.4,3.99657,13.1132,13.8979,4.94953,2.86926,4.05357,6.40282,5.15212,21.2348,8.57321,9.99179,4.4033,2.80076,4.25928,4.10477,7.26703,3.9341,6.42694,7.06282,3.88757,2.65837,18.0177,9.19122,7.34737,3.31607,3.65636,20.5435,6.65175,1.98561,3.47424,5.30562,15.5259,3.70582,2.05729,8.11772,1.98169,4.58849,14.3835,7.42076,18.138,7.15305,6.08965,21.2735,14.5543,5.37787,8.21738,12.84,5.79039,15.5966,0.608521,2.30436,21.5146,7.2938,20.8664,18.5019,9.70509,6.01072,5.7285,8.21278,9.05141,3.34487,1.77149,8.85262,1.96824,3.2691,3.6502,3.76229,1.94608,5.71601,3.25515,0.70997,1.59726,1.05346,6.24563,19.2181,7.85863,4.0861,11.0848,9.72414,19.6722,10.1973,5.56994,9.79379,3.2623,3.99604,12.6374,0.766673,1.47141,5.09875,1.53647,33.4198,3.09368,4.45722,1.85478,3.63004,7.14167,4.40873,3.63504,2.09605,2.82296,1.75217,3.83029,7.47912,3.5694,7.9821,5.07985,3.88302,9.33532,3.7316,8.79808,5.88093,13.4085,12.6244,11.9239,4.5639,4.08262,5.68894,5.9443,7.45369,2.70615,7.09336,4.79476,9.33304,25.9644,5.51051,11.2559,4.59163,5.95288,9.82918,6.99358,14.2381,25.0908,13.9032,5.28725,14.5631,21.2963,11.4914,14.6789,17.6425,6.37186,9.65547,5.82372,2.30006,6.4605,4.8124,29.0792,1.86539,2.19715,1.25192,3.81819,2.7421,16.9312,4.17503,9.45749,2.16895,2.99401,3.69152,3.28111,8.77217,4.80179,4.03079,3.05147,1.86612,2.82056,5.61561,0.901263,2.44594,9.81966,6.78587,7.63371,10.1821,5.24957,10.0075,9.91211,11.6966,5.2128,32.4954,36.1896,6.11905,35.1408,3.41777,20.1478,5.7035,5.09996,8.77988,1.32215,3.83955,0.850896,3.61049,0.664164,1.12793,6.08957,11.8997,22.7653,18.0164,11.1505,3.96233,14.4169,11.712,5.87748,5.85441,15.0319,1.40876,8.58425,24.6245,3.47447,11.2993,15.0422,8.17557,5.55204,4.64852,7.75299,9.58012,1.95761,5.15501,5.97068,6.05605,4.03257,5.70243,5.45645,7.15893,2.47665,6.88394,4.09283,17.4605,8.41113,9.1151,7.01633,30.2463,5.82581,9.55227,34.8863,6.3292,6.29751,6.7514,13.4292,20.1832,16.6405,4.77081,10.8172,4.01766,2.54712,6.35783,6.84317,19.8875,1.19427,12.9266), .Dim = c(61L,6L))
`sdP` <- 
1.75304
